(kicad_pcb (version 20171130) (host pcbnew 5.1.6-c6e7f7d~86~ubuntu18.04.1)

  (general
    (thickness 1.6)
    (drawings 26)
    (tracks 1339)
    (zones 0)
    (modules 32)
    (nets 32)
  )

  (page A4)
  (layers
    (0 F.Cu signal)
    (31 B.Cu signal)
    (32 B.Adhes user)
    (33 F.Adhes user)
    (34 B.Paste user)
    (35 F.Paste user)
    (36 B.SilkS user)
    (37 F.SilkS user)
    (38 B.Mask user)
    (39 F.Mask user)
    (40 Dwgs.User user)
    (41 Cmts.User user)
    (42 Eco1.User user)
    (43 Eco2.User user)
    (44 Edge.Cuts user)
    (45 Margin user)
    (46 B.CrtYd user)
    (47 F.CrtYd user)
    (48 B.Fab user)
    (49 F.Fab user)
  )

  (setup
    (last_trace_width 0.25)
    (trace_clearance 0.2)
    (zone_clearance 0.4)
    (zone_45_only no)
    (trace_min 0.2)
    (via_size 0.8)
    (via_drill 0.4)
    (via_min_size 0.4)
    (via_min_drill 0.3)
    (uvia_size 0.3)
    (uvia_drill 0.1)
    (uvias_allowed no)
    (uvia_min_size 0.2)
    (uvia_min_drill 0.1)
    (edge_width 0.05)
    (segment_width 0.2)
    (pcb_text_width 0.3)
    (pcb_text_size 1.5 1.5)
    (mod_edge_width 0.12)
    (mod_text_size 1 1)
    (mod_text_width 0.15)
    (pad_size 1.524 1.524)
    (pad_drill 0.762)
    (pad_to_mask_clearance 0.05)
    (aux_axis_origin 0 0)
    (visible_elements FFFFFF7F)
    (pcbplotparams
      (layerselection 0x010fc_ffffffff)
      (usegerberextensions false)
      (usegerberattributes true)
      (usegerberadvancedattributes true)
      (creategerberjobfile true)
      (excludeedgelayer true)
      (linewidth 0.100000)
      (plotframeref false)
      (viasonmask false)
      (mode 1)
      (useauxorigin false)
      (hpglpennumber 1)
      (hpglpenspeed 20)
      (hpglpendiameter 15.000000)
      (psnegative false)
      (psa4output false)
      (plotreference true)
      (plotvalue true)
      (plotinvisibletext false)
      (padsonsilk false)
      (subtractmaskfromsilk false)
      (outputformat 1)
      (mirror false)
      (drillshape 1)
      (scaleselection 1)
      (outputdirectory ""))
  )

  (net 0 "")
  (net 1 GND)
  (net 2 +5V)
  (net 3 +3V3)
  (net 4 "Net-(C5-Pad2)")
  (net 5 "Net-(C7-Pad2)")
  (net 6 ~RST~)
  (net 7 SWD)
  (net 8 SWC)
  (net 9 D-)
  (net 10 "Net-(J2-Pad4)")
  (net 11 D+)
  (net 12 PA15)
  (net 13 PB1)
  (net 14 PB3)
  (net 15 PB4)
  (net 16 PB5)
  (net 17 PB6)
  (net 18 PB7)
  (net 19 SPIMOSI)
  (net 20 SPIMISO)
  (net 21 SPISCK)
  (net 22 SPINSS)
  (net 23 SPID2)
  (net 24 SPID1)
  (net 25 PA1)
  (net 26 PA0)
  (net 27 "Net-(J6-Pad4)")
  (net 28 BOOT0)
  (net 29 "Net-(U3-Pad3)")
  (net 30 "Net-(D1-Pad2)")
  (net 31 CARD_DET)

  (net_class Default "This is the default net class."
    (clearance 0.2)
    (trace_width 0.25)
    (via_dia 0.8)
    (via_drill 0.4)
    (uvia_dia 0.3)
    (uvia_drill 0.1)
    (add_net +3V3)
    (add_net +5V)
    (add_net BOOT0)
    (add_net CARD_DET)
    (add_net D+)
    (add_net D-)
    (add_net GND)
    (add_net "Net-(C5-Pad2)")
    (add_net "Net-(C7-Pad2)")
    (add_net "Net-(D1-Pad2)")
    (add_net "Net-(J2-Pad4)")
    (add_net "Net-(J6-Pad4)")
    (add_net "Net-(U3-Pad3)")
    (add_net PA0)
    (add_net PA1)
    (add_net PA15)
    (add_net PB1)
    (add_net PB3)
    (add_net PB4)
    (add_net PB5)
    (add_net PB6)
    (add_net PB7)
    (add_net SPID1)
    (add_net SPID2)
    (add_net SPIMISO)
    (add_net SPIMOSI)
    (add_net SPINSS)
    (add_net SPISCK)
    (add_net SWC)
    (add_net SWD)
    (add_net ~RST~)
  )

  (module Connector_PinHeader_2.54mm:PinHeader_2x09_P2.54mm_Vertical_SMD (layer F.Cu) (tedit 59FED5CC) (tstamp 5F194BC8)
    (at 168 97 90)
    (descr "surface-mounted straight pin header, 2x09, 2.54mm pitch, double rows")
    (tags "Surface mounted pin header SMD 2x09 2.54mm double row")
    (path /5F30EE76)
    (attr smd)
    (fp_text reference J4 (at 0 -12.49 90) (layer F.SilkS)
      (effects (font (size 1 1) (thickness 0.15)))
    )
    (fp_text value PORTB (at 2.4668 12.4512 90) (layer F.SilkS)
      (effects (font (size 1 1) (thickness 0.15)))
    )
    (fp_line (start 2.54 11.43) (end -2.54 11.43) (layer F.Fab) (width 0.1))
    (fp_line (start -1.59 -11.43) (end 2.54 -11.43) (layer F.Fab) (width 0.1))
    (fp_line (start -2.54 11.43) (end -2.54 -10.48) (layer F.Fab) (width 0.1))
    (fp_line (start -2.54 -10.48) (end -1.59 -11.43) (layer F.Fab) (width 0.1))
    (fp_line (start 2.54 -11.43) (end 2.54 11.43) (layer F.Fab) (width 0.1))
    (fp_line (start -2.54 -10.48) (end -3.6 -10.48) (layer F.Fab) (width 0.1))
    (fp_line (start -3.6 -10.48) (end -3.6 -9.84) (layer F.Fab) (width 0.1))
    (fp_line (start -3.6 -9.84) (end -2.54 -9.84) (layer F.Fab) (width 0.1))
    (fp_line (start 2.54 -10.48) (end 3.6 -10.48) (layer F.Fab) (width 0.1))
    (fp_line (start 3.6 -10.48) (end 3.6 -9.84) (layer F.Fab) (width 0.1))
    (fp_line (start 3.6 -9.84) (end 2.54 -9.84) (layer F.Fab) (width 0.1))
    (fp_line (start -2.54 -7.94) (end -3.6 -7.94) (layer F.Fab) (width 0.1))
    (fp_line (start -3.6 -7.94) (end -3.6 -7.3) (layer F.Fab) (width 0.1))
    (fp_line (start -3.6 -7.3) (end -2.54 -7.3) (layer F.Fab) (width 0.1))
    (fp_line (start 2.54 -7.94) (end 3.6 -7.94) (layer F.Fab) (width 0.1))
    (fp_line (start 3.6 -7.94) (end 3.6 -7.3) (layer F.Fab) (width 0.1))
    (fp_line (start 3.6 -7.3) (end 2.54 -7.3) (layer F.Fab) (width 0.1))
    (fp_line (start -2.54 -5.4) (end -3.6 -5.4) (layer F.Fab) (width 0.1))
    (fp_line (start -3.6 -5.4) (end -3.6 -4.76) (layer F.Fab) (width 0.1))
    (fp_line (start -3.6 -4.76) (end -2.54 -4.76) (layer F.Fab) (width 0.1))
    (fp_line (start 2.54 -5.4) (end 3.6 -5.4) (layer F.Fab) (width 0.1))
    (fp_line (start 3.6 -5.4) (end 3.6 -4.76) (layer F.Fab) (width 0.1))
    (fp_line (start 3.6 -4.76) (end 2.54 -4.76) (layer F.Fab) (width 0.1))
    (fp_line (start -2.54 -2.86) (end -3.6 -2.86) (layer F.Fab) (width 0.1))
    (fp_line (start -3.6 -2.86) (end -3.6 -2.22) (layer F.Fab) (width 0.1))
    (fp_line (start -3.6 -2.22) (end -2.54 -2.22) (layer F.Fab) (width 0.1))
    (fp_line (start 2.54 -2.86) (end 3.6 -2.86) (layer F.Fab) (width 0.1))
    (fp_line (start 3.6 -2.86) (end 3.6 -2.22) (layer F.Fab) (width 0.1))
    (fp_line (start 3.6 -2.22) (end 2.54 -2.22) (layer F.Fab) (width 0.1))
    (fp_line (start -2.54 -0.32) (end -3.6 -0.32) (layer F.Fab) (width 0.1))
    (fp_line (start -3.6 -0.32) (end -3.6 0.32) (layer F.Fab) (width 0.1))
    (fp_line (start -3.6 0.32) (end -2.54 0.32) (layer F.Fab) (width 0.1))
    (fp_line (start 2.54 -0.32) (end 3.6 -0.32) (layer F.Fab) (width 0.1))
    (fp_line (start 3.6 -0.32) (end 3.6 0.32) (layer F.Fab) (width 0.1))
    (fp_line (start 3.6 0.32) (end 2.54 0.32) (layer F.Fab) (width 0.1))
    (fp_line (start -2.54 2.22) (end -3.6 2.22) (layer F.Fab) (width 0.1))
    (fp_line (start -3.6 2.22) (end -3.6 2.86) (layer F.Fab) (width 0.1))
    (fp_line (start -3.6 2.86) (end -2.54 2.86) (layer F.Fab) (width 0.1))
    (fp_line (start 2.54 2.22) (end 3.6 2.22) (layer F.Fab) (width 0.1))
    (fp_line (start 3.6 2.22) (end 3.6 2.86) (layer F.Fab) (width 0.1))
    (fp_line (start 3.6 2.86) (end 2.54 2.86) (layer F.Fab) (width 0.1))
    (fp_line (start -2.54 4.76) (end -3.6 4.76) (layer F.Fab) (width 0.1))
    (fp_line (start -3.6 4.76) (end -3.6 5.4) (layer F.Fab) (width 0.1))
    (fp_line (start -3.6 5.4) (end -2.54 5.4) (layer F.Fab) (width 0.1))
    (fp_line (start 2.54 4.76) (end 3.6 4.76) (layer F.Fab) (width 0.1))
    (fp_line (start 3.6 4.76) (end 3.6 5.4) (layer F.Fab) (width 0.1))
    (fp_line (start 3.6 5.4) (end 2.54 5.4) (layer F.Fab) (width 0.1))
    (fp_line (start -2.54 7.3) (end -3.6 7.3) (layer F.Fab) (width 0.1))
    (fp_line (start -3.6 7.3) (end -3.6 7.94) (layer F.Fab) (width 0.1))
    (fp_line (start -3.6 7.94) (end -2.54 7.94) (layer F.Fab) (width 0.1))
    (fp_line (start 2.54 7.3) (end 3.6 7.3) (layer F.Fab) (width 0.1))
    (fp_line (start 3.6 7.3) (end 3.6 7.94) (layer F.Fab) (width 0.1))
    (fp_line (start 3.6 7.94) (end 2.54 7.94) (layer F.Fab) (width 0.1))
    (fp_line (start -2.54 9.84) (end -3.6 9.84) (layer F.Fab) (width 0.1))
    (fp_line (start -3.6 9.84) (end -3.6 10.48) (layer F.Fab) (width 0.1))
    (fp_line (start -3.6 10.48) (end -2.54 10.48) (layer F.Fab) (width 0.1))
    (fp_line (start 2.54 9.84) (end 3.6 9.84) (layer F.Fab) (width 0.1))
    (fp_line (start 3.6 9.84) (end 3.6 10.48) (layer F.Fab) (width 0.1))
    (fp_line (start 3.6 10.48) (end 2.54 10.48) (layer F.Fab) (width 0.1))
    (fp_line (start -2.6 -11.49) (end 2.6 -11.49) (layer F.SilkS) (width 0.12))
    (fp_line (start -2.6 11.49) (end 2.6 11.49) (layer F.SilkS) (width 0.12))
    (fp_line (start -4.04 -10.92) (end -2.6 -10.92) (layer F.SilkS) (width 0.12))
    (fp_line (start -2.6 -11.49) (end -2.6 -10.92) (layer F.SilkS) (width 0.12))
    (fp_line (start 2.6 -11.49) (end 2.6 -10.92) (layer F.SilkS) (width 0.12))
    (fp_line (start -2.6 10.92) (end -2.6 11.49) (layer F.SilkS) (width 0.12))
    (fp_line (start 2.6 10.92) (end 2.6 11.49) (layer F.SilkS) (width 0.12))
    (fp_line (start -2.6 -9.4) (end -2.6 -8.38) (layer F.SilkS) (width 0.12))
    (fp_line (start 2.6 -9.4) (end 2.6 -8.38) (layer F.SilkS) (width 0.12))
    (fp_line (start -2.6 -6.86) (end -2.6 -5.84) (layer F.SilkS) (width 0.12))
    (fp_line (start 2.6 -6.86) (end 2.6 -5.84) (layer F.SilkS) (width 0.12))
    (fp_line (start -2.6 -4.32) (end -2.6 -3.3) (layer F.SilkS) (width 0.12))
    (fp_line (start 2.6 -4.32) (end 2.6 -3.3) (layer F.SilkS) (width 0.12))
    (fp_line (start -2.6 -1.78) (end -2.6 -0.76) (layer F.SilkS) (width 0.12))
    (fp_line (start 2.6 -1.78) (end 2.6 -0.76) (layer F.SilkS) (width 0.12))
    (fp_line (start -2.6 0.76) (end -2.6 1.78) (layer F.SilkS) (width 0.12))
    (fp_line (start 2.6 0.76) (end 2.6 1.78) (layer F.SilkS) (width 0.12))
    (fp_line (start -2.6 3.3) (end -2.6 4.32) (layer F.SilkS) (width 0.12))
    (fp_line (start 2.6 3.3) (end 2.6 4.32) (layer F.SilkS) (width 0.12))
    (fp_line (start -2.6 5.84) (end -2.6 6.86) (layer F.SilkS) (width 0.12))
    (fp_line (start 2.6 5.84) (end 2.6 6.86) (layer F.SilkS) (width 0.12))
    (fp_line (start -2.6 8.38) (end -2.6 9.4) (layer F.SilkS) (width 0.12))
    (fp_line (start 2.6 8.38) (end 2.6 9.4) (layer F.SilkS) (width 0.12))
    (fp_line (start -5.9 -11.95) (end -5.9 11.95) (layer F.CrtYd) (width 0.05))
    (fp_line (start -5.9 11.95) (end 5.9 11.95) (layer F.CrtYd) (width 0.05))
    (fp_line (start 5.9 11.95) (end 5.9 -11.95) (layer F.CrtYd) (width 0.05))
    (fp_line (start 5.9 -11.95) (end -5.9 -11.95) (layer F.CrtYd) (width 0.05))
    (fp_text user %R (at 0 0) (layer F.Fab)
      (effects (font (size 1 1) (thickness 0.15)))
    )
    (pad 18 smd rect (at 2.525 10.16 90) (size 3.15 1) (layers F.Cu F.Paste F.Mask)
      (net 1 GND))
    (pad 17 smd rect (at -2.525 10.16 90) (size 3.15 1) (layers F.Cu F.Paste F.Mask)
      (net 1 GND))
    (pad 16 smd rect (at 2.525 7.62 90) (size 3.15 1) (layers F.Cu F.Paste F.Mask)
      (net 19 SPIMOSI))
    (pad 15 smd rect (at -2.525 7.62 90) (size 3.15 1) (layers F.Cu F.Paste F.Mask)
      (net 19 SPIMOSI))
    (pad 14 smd rect (at 2.525 5.08 90) (size 3.15 1) (layers F.Cu F.Paste F.Mask)
      (net 20 SPIMISO))
    (pad 13 smd rect (at -2.525 5.08 90) (size 3.15 1) (layers F.Cu F.Paste F.Mask)
      (net 20 SPIMISO))
    (pad 12 smd rect (at 2.525 2.54 90) (size 3.15 1) (layers F.Cu F.Paste F.Mask)
      (net 21 SPISCK))
    (pad 11 smd rect (at -2.525 2.54 90) (size 3.15 1) (layers F.Cu F.Paste F.Mask)
      (net 21 SPISCK))
    (pad 10 smd rect (at 2.525 0 90) (size 3.15 1) (layers F.Cu F.Paste F.Mask)
      (net 22 SPINSS))
    (pad 9 smd rect (at -2.525 0 90) (size 3.15 1) (layers F.Cu F.Paste F.Mask)
      (net 22 SPINSS))
    (pad 8 smd rect (at 2.525 -2.54 90) (size 3.15 1) (layers F.Cu F.Paste F.Mask)
      (net 23 SPID2))
    (pad 7 smd rect (at -2.525 -2.54 90) (size 3.15 1) (layers F.Cu F.Paste F.Mask)
      (net 23 SPID2))
    (pad 6 smd rect (at 2.525 -5.08 90) (size 3.15 1) (layers F.Cu F.Paste F.Mask)
      (net 24 SPID1))
    (pad 5 smd rect (at -2.525 -5.08 90) (size 3.15 1) (layers F.Cu F.Paste F.Mask)
      (net 24 SPID1))
    (pad 4 smd rect (at 2.525 -7.62 90) (size 3.15 1) (layers F.Cu F.Paste F.Mask)
      (net 25 PA1))
    (pad 3 smd rect (at -2.525 -7.62 90) (size 3.15 1) (layers F.Cu F.Paste F.Mask)
      (net 25 PA1))
    (pad 2 smd rect (at 2.525 -10.16 90) (size 3.15 1) (layers F.Cu F.Paste F.Mask)
      (net 26 PA0))
    (pad 1 smd rect (at -2.525 -10.16 90) (size 3.15 1) (layers F.Cu F.Paste F.Mask)
      (net 26 PA0))
    (model ${KISYS3DMOD}/Connector_PinHeader_2.54mm.3dshapes/PinHeader_2x09_P2.54mm_Vertical_SMD.wrl
      (at (xyz 0 0 0))
      (scale (xyz 1 1 1))
      (rotate (xyz 0 0 0))
    )
  )

  (module Capacitor_SMD:C_0603_1608Metric (layer F.Cu) (tedit 5B301BBE) (tstamp 5F194A47)
    (at 180.95976 56.6928 330)
    (descr "Capacitor SMD 0603 (1608 Metric), square (rectangular) end terminal, IPC_7351 nominal, (Body size source: http://www.tortai-tech.com/upload/download/2011102023233369053.pdf), generated with kicad-footprint-generator")
    (tags capacitor)
    (path /5F1C0420)
    (attr smd)
    (fp_text reference C1 (at 0 -1.43 150) (layer F.SilkS)
      (effects (font (size 1 1) (thickness 0.15)))
    )
    (fp_text value 10u (at 3.055264 -0.136118 150) (layer F.SilkS)
      (effects (font (size 1 1) (thickness 0.15)))
    )
    (fp_line (start 1.48 0.73) (end -1.48 0.73) (layer F.CrtYd) (width 0.05))
    (fp_line (start 1.48 -0.73) (end 1.48 0.73) (layer F.CrtYd) (width 0.05))
    (fp_line (start -1.48 -0.73) (end 1.48 -0.73) (layer F.CrtYd) (width 0.05))
    (fp_line (start -1.48 0.73) (end -1.48 -0.73) (layer F.CrtYd) (width 0.05))
    (fp_line (start -0.162779 0.51) (end 0.162779 0.51) (layer F.SilkS) (width 0.12))
    (fp_line (start -0.162779 -0.51) (end 0.162779 -0.51) (layer F.SilkS) (width 0.12))
    (fp_line (start 0.8 0.4) (end -0.8 0.4) (layer F.Fab) (width 0.1))
    (fp_line (start 0.8 -0.4) (end 0.8 0.4) (layer F.Fab) (width 0.1))
    (fp_line (start -0.8 -0.4) (end 0.8 -0.4) (layer F.Fab) (width 0.1))
    (fp_line (start -0.8 0.4) (end -0.8 -0.4) (layer F.Fab) (width 0.1))
    (fp_text user %R (at 0 0 150) (layer F.Fab)
      (effects (font (size 0.4 0.4) (thickness 0.06)))
    )
    (pad 1 smd roundrect (at -0.7875 0 330) (size 0.875 0.95) (layers F.Cu F.Paste F.Mask) (roundrect_rratio 0.25)
      (net 1 GND))
    (pad 2 smd roundrect (at 0.7875 0 330) (size 0.875 0.95) (layers F.Cu F.Paste F.Mask) (roundrect_rratio 0.25)
      (net 2 +5V))
    (model ${KISYS3DMOD}/Capacitor_SMD.3dshapes/C_0603_1608Metric.wrl
      (at (xyz 0 0 0))
      (scale (xyz 1 1 1))
      (rotate (xyz 0 0 0))
    )
  )

  (module Capacitor_SMD:C_0603_1608Metric (layer F.Cu) (tedit 5B301BBE) (tstamp 5F194A58)
    (at 176.64684 59.4106 270)
    (descr "Capacitor SMD 0603 (1608 Metric), square (rectangular) end terminal, IPC_7351 nominal, (Body size source: http://www.tortai-tech.com/upload/download/2011102023233369053.pdf), generated with kicad-footprint-generator")
    (tags capacitor)
    (path /5F1C2C60)
    (attr smd)
    (fp_text reference C2 (at -2.36718 -0.30734 180) (layer F.SilkS)
      (effects (font (size 1 1) (thickness 0.15)))
    )
    (fp_text value 10u (at 0 1.43 90) (layer F.SilkS)
      (effects (font (size 1 1) (thickness 0.15)))
    )
    (fp_line (start -0.8 0.4) (end -0.8 -0.4) (layer F.Fab) (width 0.1))
    (fp_line (start -0.8 -0.4) (end 0.8 -0.4) (layer F.Fab) (width 0.1))
    (fp_line (start 0.8 -0.4) (end 0.8 0.4) (layer F.Fab) (width 0.1))
    (fp_line (start 0.8 0.4) (end -0.8 0.4) (layer F.Fab) (width 0.1))
    (fp_line (start -0.162779 -0.51) (end 0.162779 -0.51) (layer F.SilkS) (width 0.12))
    (fp_line (start -0.162779 0.51) (end 0.162779 0.51) (layer F.SilkS) (width 0.12))
    (fp_line (start -1.48 0.73) (end -1.48 -0.73) (layer F.CrtYd) (width 0.05))
    (fp_line (start -1.48 -0.73) (end 1.48 -0.73) (layer F.CrtYd) (width 0.05))
    (fp_line (start 1.48 -0.73) (end 1.48 0.73) (layer F.CrtYd) (width 0.05))
    (fp_line (start 1.48 0.73) (end -1.48 0.73) (layer F.CrtYd) (width 0.05))
    (fp_text user %R (at 0 0 90) (layer F.Fab)
      (effects (font (size 0.4 0.4) (thickness 0.06)))
    )
    (pad 2 smd roundrect (at 0.7875 0 270) (size 0.875 0.95) (layers F.Cu F.Paste F.Mask) (roundrect_rratio 0.25)
      (net 3 +3V3))
    (pad 1 smd roundrect (at -0.7875 0 270) (size 0.875 0.95) (layers F.Cu F.Paste F.Mask) (roundrect_rratio 0.25)
      (net 1 GND))
    (model ${KISYS3DMOD}/Capacitor_SMD.3dshapes/C_0603_1608Metric.wrl
      (at (xyz 0 0 0))
      (scale (xyz 1 1 1))
      (rotate (xyz 0 0 0))
    )
  )

  (module Capacitor_SMD:C_0603_1608Metric (layer F.Cu) (tedit 5B301BBE) (tstamp 5F194A69)
    (at 155.782578 77.887542 60)
    (descr "Capacitor SMD 0603 (1608 Metric), square (rectangular) end terminal, IPC_7351 nominal, (Body size source: http://www.tortai-tech.com/upload/download/2011102023233369053.pdf), generated with kicad-footprint-generator")
    (tags capacitor)
    (path /5F1D69ED)
    (attr smd)
    (fp_text reference C3 (at 0 -1.43 60) (layer F.SilkS)
      (effects (font (size 1 1) (thickness 0.15)))
    )
    (fp_text value 100n (at 3.711105 0.016168 60) (layer F.SilkS)
      (effects (font (size 1 1) (thickness 0.15)))
    )
    (fp_line (start -0.8 0.4) (end -0.8 -0.4) (layer F.Fab) (width 0.1))
    (fp_line (start -0.8 -0.4) (end 0.8 -0.4) (layer F.Fab) (width 0.1))
    (fp_line (start 0.8 -0.4) (end 0.8 0.4) (layer F.Fab) (width 0.1))
    (fp_line (start 0.8 0.4) (end -0.8 0.4) (layer F.Fab) (width 0.1))
    (fp_line (start -0.162779 -0.51) (end 0.162779 -0.51) (layer F.SilkS) (width 0.12))
    (fp_line (start -0.162779 0.51) (end 0.162779 0.51) (layer F.SilkS) (width 0.12))
    (fp_line (start -1.48 0.73) (end -1.48 -0.73) (layer F.CrtYd) (width 0.05))
    (fp_line (start -1.48 -0.73) (end 1.48 -0.73) (layer F.CrtYd) (width 0.05))
    (fp_line (start 1.48 -0.73) (end 1.48 0.73) (layer F.CrtYd) (width 0.05))
    (fp_line (start 1.48 0.73) (end -1.48 0.73) (layer F.CrtYd) (width 0.05))
    (fp_text user %R (at 0 0 60) (layer F.Fab)
      (effects (font (size 0.4 0.4) (thickness 0.06)))
    )
    (pad 2 smd roundrect (at 0.7875 0 60) (size 0.875 0.95) (layers F.Cu F.Paste F.Mask) (roundrect_rratio 0.25)
      (net 2 +5V))
    (pad 1 smd roundrect (at -0.7875 0 60) (size 0.875 0.95) (layers F.Cu F.Paste F.Mask) (roundrect_rratio 0.25)
      (net 1 GND))
    (model ${KISYS3DMOD}/Capacitor_SMD.3dshapes/C_0603_1608Metric.wrl
      (at (xyz 0 0 0))
      (scale (xyz 1 1 1))
      (rotate (xyz 0 0 0))
    )
  )

  (module Capacitor_SMD:C_0603_1608Metric (layer F.Cu) (tedit 5B301BBE) (tstamp 5F194A7A)
    (at 172.65645 74.037195 60)
    (descr "Capacitor SMD 0603 (1608 Metric), square (rectangular) end terminal, IPC_7351 nominal, (Body size source: http://www.tortai-tech.com/upload/download/2011102023233369053.pdf), generated with kicad-footprint-generator")
    (tags capacitor)
    (path /5F1D6414)
    (attr smd)
    (fp_text reference C4 (at 0 -1.43 60) (layer F.SilkS)
      (effects (font (size 1 1) (thickness 0.15)))
    )
    (fp_text value 100n (at 0 1.43 60) (layer F.SilkS)
      (effects (font (size 1 1) (thickness 0.15)))
    )
    (fp_line (start 1.48 0.73) (end -1.48 0.73) (layer F.CrtYd) (width 0.05))
    (fp_line (start 1.48 -0.73) (end 1.48 0.73) (layer F.CrtYd) (width 0.05))
    (fp_line (start -1.48 -0.73) (end 1.48 -0.73) (layer F.CrtYd) (width 0.05))
    (fp_line (start -1.48 0.73) (end -1.48 -0.73) (layer F.CrtYd) (width 0.05))
    (fp_line (start -0.162779 0.51) (end 0.162779 0.51) (layer F.SilkS) (width 0.12))
    (fp_line (start -0.162779 -0.51) (end 0.162779 -0.51) (layer F.SilkS) (width 0.12))
    (fp_line (start 0.8 0.4) (end -0.8 0.4) (layer F.Fab) (width 0.1))
    (fp_line (start 0.8 -0.4) (end 0.8 0.4) (layer F.Fab) (width 0.1))
    (fp_line (start -0.8 -0.4) (end 0.8 -0.4) (layer F.Fab) (width 0.1))
    (fp_line (start -0.8 0.4) (end -0.8 -0.4) (layer F.Fab) (width 0.1))
    (fp_text user %R (at 0 0 60) (layer F.Fab)
      (effects (font (size 0.4 0.4) (thickness 0.06)))
    )
    (pad 1 smd roundrect (at -0.7875 0 60) (size 0.875 0.95) (layers F.Cu F.Paste F.Mask) (roundrect_rratio 0.25)
      (net 1 GND))
    (pad 2 smd roundrect (at 0.7875 0 60) (size 0.875 0.95) (layers F.Cu F.Paste F.Mask) (roundrect_rratio 0.25)
      (net 3 +3V3))
    (model ${KISYS3DMOD}/Capacitor_SMD.3dshapes/C_0603_1608Metric.wrl
      (at (xyz 0 0 0))
      (scale (xyz 1 1 1))
      (rotate (xyz 0 0 0))
    )
  )

  (module Capacitor_SMD:C_0603_1608Metric (layer F.Cu) (tedit 5B301BBE) (tstamp 5F194A8B)
    (at 170.26895 63.585095 120)
    (descr "Capacitor SMD 0603 (1608 Metric), square (rectangular) end terminal, IPC_7351 nominal, (Body size source: http://www.tortai-tech.com/upload/download/2011102023233369053.pdf), generated with kicad-footprint-generator")
    (tags capacitor)
    (path /5F18F792)
    (attr smd)
    (fp_text reference C5 (at -2.690712 1.07144 120) (layer F.SilkS)
      (effects (font (size 1 1) (thickness 0.15)))
    )
    (fp_text value 10p (at -0.686823 2.096403 150) (layer F.SilkS)
      (effects (font (size 1 1) (thickness 0.15)))
    )
    (fp_line (start -0.8 0.4) (end -0.8 -0.4) (layer F.Fab) (width 0.1))
    (fp_line (start -0.8 -0.4) (end 0.8 -0.4) (layer F.Fab) (width 0.1))
    (fp_line (start 0.8 -0.4) (end 0.8 0.4) (layer F.Fab) (width 0.1))
    (fp_line (start 0.8 0.4) (end -0.8 0.4) (layer F.Fab) (width 0.1))
    (fp_line (start -0.162779 -0.51) (end 0.162779 -0.51) (layer F.SilkS) (width 0.12))
    (fp_line (start -0.162779 0.51) (end 0.162779 0.51) (layer F.SilkS) (width 0.12))
    (fp_line (start -1.48 0.73) (end -1.48 -0.73) (layer F.CrtYd) (width 0.05))
    (fp_line (start -1.48 -0.73) (end 1.48 -0.73) (layer F.CrtYd) (width 0.05))
    (fp_line (start 1.48 -0.73) (end 1.48 0.73) (layer F.CrtYd) (width 0.05))
    (fp_line (start 1.48 0.73) (end -1.48 0.73) (layer F.CrtYd) (width 0.05))
    (fp_text user %R (at 0 0 120) (layer F.Fab)
      (effects (font (size 0.4 0.4) (thickness 0.06)))
    )
    (pad 2 smd roundrect (at 0.7875 0 120) (size 0.875 0.95) (layers F.Cu F.Paste F.Mask) (roundrect_rratio 0.25)
      (net 4 "Net-(C5-Pad2)"))
    (pad 1 smd roundrect (at -0.7875 0 120) (size 0.875 0.95) (layers F.Cu F.Paste F.Mask) (roundrect_rratio 0.25)
      (net 1 GND))
    (model ${KISYS3DMOD}/Capacitor_SMD.3dshapes/C_0603_1608Metric.wrl
      (at (xyz 0 0 0))
      (scale (xyz 1 1 1))
      (rotate (xyz 0 0 0))
    )
  )

  (module Capacitor_SMD:C_0603_1608Metric (layer F.Cu) (tedit 5B301BBE) (tstamp 5F194A9C)
    (at 166.116 62.484 30)
    (descr "Capacitor SMD 0603 (1608 Metric), square (rectangular) end terminal, IPC_7351 nominal, (Body size source: http://www.tortai-tech.com/upload/download/2011102023233369053.pdf), generated with kicad-footprint-generator")
    (tags capacitor)
    (path /5F191C53)
    (attr smd)
    (fp_text reference C6 (at 0 -1.43 30) (layer F.SilkS)
      (effects (font (size 1 1) (thickness 0.15)))
    )
    (fp_text value 10p (at -1.691705 -2.149882 90) (layer F.SilkS)
      (effects (font (size 1 1) (thickness 0.15)))
    )
    (fp_line (start 1.48 0.73) (end -1.48 0.73) (layer F.CrtYd) (width 0.05))
    (fp_line (start 1.48 -0.73) (end 1.48 0.73) (layer F.CrtYd) (width 0.05))
    (fp_line (start -1.48 -0.73) (end 1.48 -0.73) (layer F.CrtYd) (width 0.05))
    (fp_line (start -1.48 0.73) (end -1.48 -0.73) (layer F.CrtYd) (width 0.05))
    (fp_line (start -0.162779 0.51) (end 0.162779 0.51) (layer F.SilkS) (width 0.12))
    (fp_line (start -0.162779 -0.51) (end 0.162779 -0.51) (layer F.SilkS) (width 0.12))
    (fp_line (start 0.8 0.4) (end -0.8 0.4) (layer F.Fab) (width 0.1))
    (fp_line (start 0.8 -0.4) (end 0.8 0.4) (layer F.Fab) (width 0.1))
    (fp_line (start -0.8 -0.4) (end 0.8 -0.4) (layer F.Fab) (width 0.1))
    (fp_line (start -0.8 0.4) (end -0.8 -0.4) (layer F.Fab) (width 0.1))
    (fp_text user %R (at 0 0 30) (layer F.Fab)
      (effects (font (size 0.4 0.4) (thickness 0.06)))
    )
    (pad 1 smd roundrect (at -0.7875 0 30) (size 0.875 0.95) (layers F.Cu F.Paste F.Mask) (roundrect_rratio 0.25)
      (net 1 GND))
    (pad 2 smd roundrect (at 0.7875 0 30) (size 0.875 0.95) (layers F.Cu F.Paste F.Mask) (roundrect_rratio 0.25)
      (net 4 "Net-(C5-Pad2)"))
    (model ${KISYS3DMOD}/Capacitor_SMD.3dshapes/C_0603_1608Metric.wrl
      (at (xyz 0 0 0))
      (scale (xyz 1 1 1))
      (rotate (xyz 0 0 0))
    )
  )

  (module Capacitor_SMD:C_0603_1608Metric (layer F.Cu) (tedit 5B301BBE) (tstamp 5F194AAD)
    (at 162.392186 81.741119 60)
    (descr "Capacitor SMD 0603 (1608 Metric), square (rectangular) end terminal, IPC_7351 nominal, (Body size source: http://www.tortai-tech.com/upload/download/2011102023233369053.pdf), generated with kicad-footprint-generator")
    (tags capacitor)
    (path /5F1FAA70)
    (attr smd)
    (fp_text reference C7 (at 0 -1.43 60) (layer F.SilkS)
      (effects (font (size 1 1) (thickness 0.15)))
    )
    (fp_text value 10u (at 0 1.43 60) (layer F.SilkS)
      (effects (font (size 1 1) (thickness 0.15)))
    )
    (fp_line (start 1.48 0.73) (end -1.48 0.73) (layer F.CrtYd) (width 0.05))
    (fp_line (start 1.48 -0.73) (end 1.48 0.73) (layer F.CrtYd) (width 0.05))
    (fp_line (start -1.48 -0.73) (end 1.48 -0.73) (layer F.CrtYd) (width 0.05))
    (fp_line (start -1.48 0.73) (end -1.48 -0.73) (layer F.CrtYd) (width 0.05))
    (fp_line (start -0.162779 0.51) (end 0.162779 0.51) (layer F.SilkS) (width 0.12))
    (fp_line (start -0.162779 -0.51) (end 0.162779 -0.51) (layer F.SilkS) (width 0.12))
    (fp_line (start 0.8 0.4) (end -0.8 0.4) (layer F.Fab) (width 0.1))
    (fp_line (start 0.8 -0.4) (end 0.8 0.4) (layer F.Fab) (width 0.1))
    (fp_line (start -0.8 -0.4) (end 0.8 -0.4) (layer F.Fab) (width 0.1))
    (fp_line (start -0.8 0.4) (end -0.8 -0.4) (layer F.Fab) (width 0.1))
    (fp_text user %R (at 0 0 60) (layer F.Fab)
      (effects (font (size 0.4 0.4) (thickness 0.06)))
    )
    (pad 1 smd roundrect (at -0.7875 0 60) (size 0.875 0.95) (layers F.Cu F.Paste F.Mask) (roundrect_rratio 0.25)
      (net 1 GND))
    (pad 2 smd roundrect (at 0.7875 0 60) (size 0.875 0.95) (layers F.Cu F.Paste F.Mask) (roundrect_rratio 0.25)
      (net 5 "Net-(C7-Pad2)"))
    (model ${KISYS3DMOD}/Capacitor_SMD.3dshapes/C_0603_1608Metric.wrl
      (at (xyz 0 0 0))
      (scale (xyz 1 1 1))
      (rotate (xyz 0 0 0))
    )
  )

  (module Capacitor_SMD:C_0603_1608Metric (layer F.Cu) (tedit 5B301BBE) (tstamp 5F194ABE)
    (at 161.18835 65.007495 240)
    (descr "Capacitor SMD 0603 (1608 Metric), square (rectangular) end terminal, IPC_7351 nominal, (Body size source: http://www.tortai-tech.com/upload/download/2011102023233369053.pdf), generated with kicad-footprint-generator")
    (tags capacitor)
    (path /5F1FB9E4)
    (attr smd)
    (fp_text reference C8 (at 0 -1.43 60) (layer F.SilkS)
      (effects (font (size 1 1) (thickness 0.15)))
    )
    (fp_text value 100n (at 0 1.43 60) (layer F.SilkS)
      (effects (font (size 1 1) (thickness 0.15)))
    )
    (fp_line (start -0.8 0.4) (end -0.8 -0.4) (layer F.Fab) (width 0.1))
    (fp_line (start -0.8 -0.4) (end 0.8 -0.4) (layer F.Fab) (width 0.1))
    (fp_line (start 0.8 -0.4) (end 0.8 0.4) (layer F.Fab) (width 0.1))
    (fp_line (start 0.8 0.4) (end -0.8 0.4) (layer F.Fab) (width 0.1))
    (fp_line (start -0.162779 -0.51) (end 0.162779 -0.51) (layer F.SilkS) (width 0.12))
    (fp_line (start -0.162779 0.51) (end 0.162779 0.51) (layer F.SilkS) (width 0.12))
    (fp_line (start -1.48 0.73) (end -1.48 -0.73) (layer F.CrtYd) (width 0.05))
    (fp_line (start -1.48 -0.73) (end 1.48 -0.73) (layer F.CrtYd) (width 0.05))
    (fp_line (start 1.48 -0.73) (end 1.48 0.73) (layer F.CrtYd) (width 0.05))
    (fp_line (start 1.48 0.73) (end -1.48 0.73) (layer F.CrtYd) (width 0.05))
    (fp_text user %R (at 0 0 60) (layer F.Fab)
      (effects (font (size 0.4 0.4) (thickness 0.06)))
    )
    (pad 2 smd roundrect (at 0.7875 0 240) (size 0.875 0.95) (layers F.Cu F.Paste F.Mask) (roundrect_rratio 0.25)
      (net 5 "Net-(C7-Pad2)"))
    (pad 1 smd roundrect (at -0.7875 0 240) (size 0.875 0.95) (layers F.Cu F.Paste F.Mask) (roundrect_rratio 0.25)
      (net 1 GND))
    (model ${KISYS3DMOD}/Capacitor_SMD.3dshapes/C_0603_1608Metric.wrl
      (at (xyz 0 0 0))
      (scale (xyz 1 1 1))
      (rotate (xyz 0 0 0))
    )
  )

  (module POGO-5:POGO-5 (layer F.Cu) (tedit 5F18BAF1) (tstamp 5F194AC7)
    (at 175.006 78.4606 30)
    (path /5F19401E)
    (fp_text reference J1 (at -6.394701 -2.665453 30) (layer F.SilkS)
      (effects (font (size 1 1) (thickness 0.15)))
    )
    (fp_text value PGM (at 8.152161 0.307243 30) (layer F.SilkS)
      (effects (font (size 1 1) (thickness 0.15)))
    )
    (pad 1 smd roundrect (at -5.08 0 30) (size 1.6 3) (layers F.Cu F.Paste F.Mask) (roundrect_rratio 0.1)
      (net 1 GND))
    (pad 2 smd oval (at -2.54 0 30) (size 1.6 3) (layers F.Cu F.Paste F.Mask)
      (net 2 +5V))
    (pad 3 smd oval (at 0 0 30) (size 1.6 3) (layers F.Cu F.Paste F.Mask)
      (net 6 ~RST~))
    (pad 4 smd oval (at 2.54 0 30) (size 1.6 3) (layers F.Cu F.Paste F.Mask)
      (net 7 SWD))
    (pad 5 smd oval (at 5.08 0 30) (size 1.6 3) (layers F.Cu F.Paste F.Mask)
      (net 8 SWC))
  )

  (module Connector_USB:USB_Micro-B_GCT_USB3076-30-A (layer F.Cu) (tedit 5A170D03) (tstamp 5F194AEE)
    (at 192.96967 58.406779 120)
    (descr "GCT Micro USB https://gct.co/files/drawings/usb3076.pdf")
    (tags "Micro-USB SMD Typ-B GCT")
    (path /5F1AE76A)
    (attr smd)
    (fp_text reference J2 (at 0 -3.3 120) (layer F.SilkS)
      (effects (font (size 1 1) (thickness 0.15)))
    )
    (fp_text value USB_B_Micro (at 0 5.2 120) (layer F.Fab)
      (effects (font (size 1 1) (thickness 0.15)))
    )
    (fp_line (start -1.1 -2.16) (end -1.1 -1.95) (layer F.Fab) (width 0.1))
    (fp_line (start -1.5 -2.16) (end -1.5 -1.95) (layer F.Fab) (width 0.1))
    (fp_line (start -1.5 -2.16) (end -1.1 -2.16) (layer F.Fab) (width 0.1))
    (fp_line (start -1.1 -1.95) (end -1.3 -1.75) (layer F.Fab) (width 0.1))
    (fp_line (start -1.3 -1.75) (end -1.5 -1.95) (layer F.Fab) (width 0.1))
    (fp_line (start -1.76 -2.41) (end -1.76 -2.02) (layer F.SilkS) (width 0.12))
    (fp_line (start -1.76 -2.41) (end -1.31 -2.41) (layer F.SilkS) (width 0.12))
    (fp_line (start 3.81 -1.71) (end 3.16 -1.71) (layer F.SilkS) (width 0.12))
    (fp_line (start 3.81 0.02) (end 3.81 -1.71) (layer F.SilkS) (width 0.12))
    (fp_line (start -3.81 2.59) (end -3.81 2.38) (layer F.SilkS) (width 0.12))
    (fp_line (start -3.7 3.95) (end -3.7 -1.6) (layer F.Fab) (width 0.1))
    (fp_line (start -3.7 -1.6) (end 3.7 -1.6) (layer F.Fab) (width 0.1))
    (fp_line (start -3.7 3.95) (end 3.7 3.95) (layer F.Fab) (width 0.1))
    (fp_line (start -3 2.65) (end 3 2.65) (layer F.Fab) (width 0.1))
    (fp_line (start 3.7 3.95) (end 3.7 -1.6) (layer F.Fab) (width 0.1))
    (fp_line (start 3.81 2.59) (end 3.81 2.38) (layer F.SilkS) (width 0.12))
    (fp_line (start -3.81 0.02) (end -3.81 -1.71) (layer F.SilkS) (width 0.12))
    (fp_line (start -3.81 -1.71) (end -3.15 -1.71) (layer F.SilkS) (width 0.12))
    (fp_line (start -4.6 4.45) (end -4.6 -2.65) (layer F.CrtYd) (width 0.05))
    (fp_line (start -4.6 -2.65) (end 4.6 -2.65) (layer F.CrtYd) (width 0.05))
    (fp_line (start 4.6 -2.65) (end 4.6 4.45) (layer F.CrtYd) (width 0.05))
    (fp_line (start -4.6 4.45) (end 4.6 4.45) (layer F.CrtYd) (width 0.05))
    (fp_text user "PCB Edge" (at 0 2.65 120) (layer Dwgs.User)
      (effects (font (size 0.5 0.5) (thickness 0.08)))
    )
    (fp_text user %R (at 0 0.85 120) (layer F.Fab)
      (effects (font (size 1 1) (thickness 0.15)))
    )
    (pad 6 smd rect (at 1.125 1.2 120) (size 1.75 1.9) (layers F.Cu F.Paste F.Mask)
      (net 1 GND))
    (pad 2 smd rect (at -0.65 -1.45 120) (size 0.4 1.4) (layers F.Cu F.Paste F.Mask)
      (net 9 D-))
    (pad 1 smd rect (at -1.3 -1.45 120) (size 0.4 1.4) (layers F.Cu F.Paste F.Mask)
      (net 2 +5V))
    (pad 5 smd rect (at 1.3 -1.45 120) (size 0.4 1.4) (layers F.Cu F.Paste F.Mask)
      (net 1 GND))
    (pad 4 smd rect (at 0.65 -1.45 120) (size 0.4 1.4) (layers F.Cu F.Paste F.Mask)
      (net 10 "Net-(J2-Pad4)"))
    (pad 3 smd rect (at 0 -1.45 120) (size 0.4 1.4) (layers F.Cu F.Paste F.Mask)
      (net 11 D+))
    (pad 6 smd rect (at -1.125 1.2 120) (size 1.75 1.9) (layers F.Cu F.Paste F.Mask)
      (net 1 GND))
    (pad 6 thru_hole oval (at -3.575 1.2 300) (size 1.05 1.9) (drill oval 0.45 1.25) (layers *.Cu *.Mask)
      (net 1 GND))
    (pad 6 thru_hole oval (at 3.575 1.2 120) (size 1.05 1.9) (drill oval 0.45 1.25) (layers *.Cu *.Mask)
      (net 1 GND))
    (pad 6 smd rect (at 2.32 -1.03 120) (size 1.15 1.45) (layers F.Cu F.Paste F.Mask)
      (net 1 GND))
    (pad 6 smd rect (at -2.32 -1.03 120) (size 1.15 1.45) (layers F.Cu F.Paste F.Mask)
      (net 1 GND))
    (model ${KISYS3DMOD}/Connector_USB.3dshapes/USB_Micro-B_GCT_USB3076-30-A.wrl
      (at (xyz 0 0 0))
      (scale (xyz 1 1 1))
      (rotate (xyz 0 0 0))
    )
  )

  (module Connector_PinHeader_2.54mm:PinHeader_2x09_P2.54mm_Vertical_SMD (layer F.Cu) (tedit 59FED5CC) (tstamp 5F194B5B)
    (at 168 47 270)
    (descr "surface-mounted straight pin header, 2x09, 2.54mm pitch, double rows")
    (tags "Surface mounted pin header SMD 2x09 2.54mm double row")
    (path /5F30D565)
    (attr smd)
    (fp_text reference J3 (at 0 -12.49 90) (layer F.SilkS)
      (effects (font (size 1 1) (thickness 0.15)))
    )
    (fp_text value PORTB (at 0 12.49 90) (layer F.SilkS)
      (effects (font (size 1 1) (thickness 0.15)))
    )
    (fp_line (start 5.9 -11.95) (end -5.9 -11.95) (layer F.CrtYd) (width 0.05))
    (fp_line (start 5.9 11.95) (end 5.9 -11.95) (layer F.CrtYd) (width 0.05))
    (fp_line (start -5.9 11.95) (end 5.9 11.95) (layer F.CrtYd) (width 0.05))
    (fp_line (start -5.9 -11.95) (end -5.9 11.95) (layer F.CrtYd) (width 0.05))
    (fp_line (start 2.6 8.38) (end 2.6 9.4) (layer F.SilkS) (width 0.12))
    (fp_line (start -2.6 8.38) (end -2.6 9.4) (layer F.SilkS) (width 0.12))
    (fp_line (start 2.6 5.84) (end 2.6 6.86) (layer F.SilkS) (width 0.12))
    (fp_line (start -2.6 5.84) (end -2.6 6.86) (layer F.SilkS) (width 0.12))
    (fp_line (start 2.6 3.3) (end 2.6 4.32) (layer F.SilkS) (width 0.12))
    (fp_line (start -2.6 3.3) (end -2.6 4.32) (layer F.SilkS) (width 0.12))
    (fp_line (start 2.6 0.76) (end 2.6 1.78) (layer F.SilkS) (width 0.12))
    (fp_line (start -2.6 0.76) (end -2.6 1.78) (layer F.SilkS) (width 0.12))
    (fp_line (start 2.6 -1.78) (end 2.6 -0.76) (layer F.SilkS) (width 0.12))
    (fp_line (start -2.6 -1.78) (end -2.6 -0.76) (layer F.SilkS) (width 0.12))
    (fp_line (start 2.6 -4.32) (end 2.6 -3.3) (layer F.SilkS) (width 0.12))
    (fp_line (start -2.6 -4.32) (end -2.6 -3.3) (layer F.SilkS) (width 0.12))
    (fp_line (start 2.6 -6.86) (end 2.6 -5.84) (layer F.SilkS) (width 0.12))
    (fp_line (start -2.6 -6.86) (end -2.6 -5.84) (layer F.SilkS) (width 0.12))
    (fp_line (start 2.6 -9.4) (end 2.6 -8.38) (layer F.SilkS) (width 0.12))
    (fp_line (start -2.6 -9.4) (end -2.6 -8.38) (layer F.SilkS) (width 0.12))
    (fp_line (start 2.6 10.92) (end 2.6 11.49) (layer F.SilkS) (width 0.12))
    (fp_line (start -2.6 10.92) (end -2.6 11.49) (layer F.SilkS) (width 0.12))
    (fp_line (start 2.6 -11.49) (end 2.6 -10.92) (layer F.SilkS) (width 0.12))
    (fp_line (start -2.6 -11.49) (end -2.6 -10.92) (layer F.SilkS) (width 0.12))
    (fp_line (start -4.04 -10.92) (end -2.6 -10.92) (layer F.SilkS) (width 0.12))
    (fp_line (start -2.6 11.49) (end 2.6 11.49) (layer F.SilkS) (width 0.12))
    (fp_line (start -2.6 -11.49) (end 2.6 -11.49) (layer F.SilkS) (width 0.12))
    (fp_line (start 3.6 10.48) (end 2.54 10.48) (layer F.Fab) (width 0.1))
    (fp_line (start 3.6 9.84) (end 3.6 10.48) (layer F.Fab) (width 0.1))
    (fp_line (start 2.54 9.84) (end 3.6 9.84) (layer F.Fab) (width 0.1))
    (fp_line (start -3.6 10.48) (end -2.54 10.48) (layer F.Fab) (width 0.1))
    (fp_line (start -3.6 9.84) (end -3.6 10.48) (layer F.Fab) (width 0.1))
    (fp_line (start -2.54 9.84) (end -3.6 9.84) (layer F.Fab) (width 0.1))
    (fp_line (start 3.6 7.94) (end 2.54 7.94) (layer F.Fab) (width 0.1))
    (fp_line (start 3.6 7.3) (end 3.6 7.94) (layer F.Fab) (width 0.1))
    (fp_line (start 2.54 7.3) (end 3.6 7.3) (layer F.Fab) (width 0.1))
    (fp_line (start -3.6 7.94) (end -2.54 7.94) (layer F.Fab) (width 0.1))
    (fp_line (start -3.6 7.3) (end -3.6 7.94) (layer F.Fab) (width 0.1))
    (fp_line (start -2.54 7.3) (end -3.6 7.3) (layer F.Fab) (width 0.1))
    (fp_line (start 3.6 5.4) (end 2.54 5.4) (layer F.Fab) (width 0.1))
    (fp_line (start 3.6 4.76) (end 3.6 5.4) (layer F.Fab) (width 0.1))
    (fp_line (start 2.54 4.76) (end 3.6 4.76) (layer F.Fab) (width 0.1))
    (fp_line (start -3.6 5.4) (end -2.54 5.4) (layer F.Fab) (width 0.1))
    (fp_line (start -3.6 4.76) (end -3.6 5.4) (layer F.Fab) (width 0.1))
    (fp_line (start -2.54 4.76) (end -3.6 4.76) (layer F.Fab) (width 0.1))
    (fp_line (start 3.6 2.86) (end 2.54 2.86) (layer F.Fab) (width 0.1))
    (fp_line (start 3.6 2.22) (end 3.6 2.86) (layer F.Fab) (width 0.1))
    (fp_line (start 2.54 2.22) (end 3.6 2.22) (layer F.Fab) (width 0.1))
    (fp_line (start -3.6 2.86) (end -2.54 2.86) (layer F.Fab) (width 0.1))
    (fp_line (start -3.6 2.22) (end -3.6 2.86) (layer F.Fab) (width 0.1))
    (fp_line (start -2.54 2.22) (end -3.6 2.22) (layer F.Fab) (width 0.1))
    (fp_line (start 3.6 0.32) (end 2.54 0.32) (layer F.Fab) (width 0.1))
    (fp_line (start 3.6 -0.32) (end 3.6 0.32) (layer F.Fab) (width 0.1))
    (fp_line (start 2.54 -0.32) (end 3.6 -0.32) (layer F.Fab) (width 0.1))
    (fp_line (start -3.6 0.32) (end -2.54 0.32) (layer F.Fab) (width 0.1))
    (fp_line (start -3.6 -0.32) (end -3.6 0.32) (layer F.Fab) (width 0.1))
    (fp_line (start -2.54 -0.32) (end -3.6 -0.32) (layer F.Fab) (width 0.1))
    (fp_line (start 3.6 -2.22) (end 2.54 -2.22) (layer F.Fab) (width 0.1))
    (fp_line (start 3.6 -2.86) (end 3.6 -2.22) (layer F.Fab) (width 0.1))
    (fp_line (start 2.54 -2.86) (end 3.6 -2.86) (layer F.Fab) (width 0.1))
    (fp_line (start -3.6 -2.22) (end -2.54 -2.22) (layer F.Fab) (width 0.1))
    (fp_line (start -3.6 -2.86) (end -3.6 -2.22) (layer F.Fab) (width 0.1))
    (fp_line (start -2.54 -2.86) (end -3.6 -2.86) (layer F.Fab) (width 0.1))
    (fp_line (start 3.6 -4.76) (end 2.54 -4.76) (layer F.Fab) (width 0.1))
    (fp_line (start 3.6 -5.4) (end 3.6 -4.76) (layer F.Fab) (width 0.1))
    (fp_line (start 2.54 -5.4) (end 3.6 -5.4) (layer F.Fab) (width 0.1))
    (fp_line (start -3.6 -4.76) (end -2.54 -4.76) (layer F.Fab) (width 0.1))
    (fp_line (start -3.6 -5.4) (end -3.6 -4.76) (layer F.Fab) (width 0.1))
    (fp_line (start -2.54 -5.4) (end -3.6 -5.4) (layer F.Fab) (width 0.1))
    (fp_line (start 3.6 -7.3) (end 2.54 -7.3) (layer F.Fab) (width 0.1))
    (fp_line (start 3.6 -7.94) (end 3.6 -7.3) (layer F.Fab) (width 0.1))
    (fp_line (start 2.54 -7.94) (end 3.6 -7.94) (layer F.Fab) (width 0.1))
    (fp_line (start -3.6 -7.3) (end -2.54 -7.3) (layer F.Fab) (width 0.1))
    (fp_line (start -3.6 -7.94) (end -3.6 -7.3) (layer F.Fab) (width 0.1))
    (fp_line (start -2.54 -7.94) (end -3.6 -7.94) (layer F.Fab) (width 0.1))
    (fp_line (start 3.6 -9.84) (end 2.54 -9.84) (layer F.Fab) (width 0.1))
    (fp_line (start 3.6 -10.48) (end 3.6 -9.84) (layer F.Fab) (width 0.1))
    (fp_line (start 2.54 -10.48) (end 3.6 -10.48) (layer F.Fab) (width 0.1))
    (fp_line (start -3.6 -9.84) (end -2.54 -9.84) (layer F.Fab) (width 0.1))
    (fp_line (start -3.6 -10.48) (end -3.6 -9.84) (layer F.Fab) (width 0.1))
    (fp_line (start -2.54 -10.48) (end -3.6 -10.48) (layer F.Fab) (width 0.1))
    (fp_line (start 2.54 -11.43) (end 2.54 11.43) (layer F.Fab) (width 0.1))
    (fp_line (start -2.54 -10.48) (end -1.59 -11.43) (layer F.Fab) (width 0.1))
    (fp_line (start -2.54 11.43) (end -2.54 -10.48) (layer F.Fab) (width 0.1))
